# turn 360 deg/s, loft 60 m, dive 40 deg at 500 m, one row per tick: range m, height m.
# Guidance::aim climbs at the dive angle toward the loft one climb's run ahead (slice 04).
# Before that change the same row climbed on a ~7 deg ramp to 54 m, then plunged at ~53 deg.
# From crates/sim/tests/top_attack.rs (--nocapture).
    0.0    1.4
    1.7    1.8
    3.4    2.5
    5.1    3.7
    6.8    5.1
    8.7    6.6
   10.7    8.2
   12.8    9.8
   15.1   11.4
   17.5   13.1
   20.1   14.9
   22.9   16.7
   25.8   18.6
   28.9   20.4
   32.2   22.3
   35.6   24.2
   39.2   26.1
   43.0   28.0
   47.0   29.9
   51.1   31.7
   55.5   33.6
   60.0   35.3
   64.7   37.1
   69.6   38.8
   74.6   40.4
   79.9   42.0
   85.3   43.5
   90.9   44.9
   96.7   46.3
  102.7   47.6
  108.8   48.8
  115.1   49.9
  121.6   51.0
  128.2   52.0
  134.8   52.9
  141.4   53.7
  148.0   54.5
  154.6   55.2
  161.3   55.8
  167.9   56.3
  174.6   56.8
  181.2   57.3
  187.9   57.7
  194.5   58.1
  201.2   58.4
  207.8   58.8
  214.5   59.0
  221.2   59.3
  227.8   59.5
  234.5   59.7
  241.2   59.9
  247.8   60.1
  254.5   60.3
  261.1   60.4
  267.8   60.5
  274.5   60.7
  281.1   60.8
  287.8   60.9
  294.5   60.9
  301.1   61.0
  307.8   61.1
  314.5   61.2
  321.1   61.2
  327.8   61.3
  334.5   61.3
  341.1   61.4
  347.8   61.4
  354.5   61.4
  361.1   61.5
  367.8   61.5
  374.5   61.5
  381.1   61.6
  387.8   61.6
  394.5   61.6
  401.1   61.6
  407.8   61.6
  414.5   61.7
  421.1   61.7
  427.8   61.7
  434.5   61.7
  441.0   60.3
  447.1   57.6
  452.5   53.7
  457.0   48.8
  461.5   43.9
  466.0   39.0
  470.5   34.0
  475.0   29.1
  479.5   24.2
  484.0   19.3
  488.5   14.4
  493.0    9.4
  497.5    4.5
  499.5    2.4
